457
5006.5
 
5006.5
4986.5
4974.5
4911.5
4974.5
5003.5
4976.5
4983.5
4866.5
4848.5
4862.0
4893.5
4980.5
4987.5
4850.0
4895.0
4891.5
4871.5
5006.5
4851.5
4926.5
4906.5
4804.0
4849.0
4926.5
4955.5
4928.5
4935.5
4818.5
4800.5
4814.0
4845.5
4959.5
4939.5
4802.0
4847.0
4843.5
4823.5
4758.5
4803.5
4926.5
4906.5
4804.0
4849.0
5006.5
4986.5
4974.5
4911.5
4974.5
5003.5
4976.5
4983.5
4866.5
4848.5
4862.0
4893.5
4980.5
4987.5
4850.0
4895.0
4891.5
4871.5
5006.5
4851.5
5006.5
 