11532
4212.5
 
3898.5
3927.5
3900.5
3907.5
3748.0
3730.0
3743.5
3775.0
3902.5
3904.5
3911.5
3749.5
3745.0
3776.5
3906.5
3935.5
3908.5
3915.5
3751.0
3733.0
3746.5
3778.0
3939.5
3919.5
3734.5
3779.5
3826.5
3806.5
3694.0
3739.0
4147.5
4127.5
3812.5
3857.5
3831.5
3811.5
3694.0
3739.0
3992.5
3972.5
3795.0
3840.0
4076.5
4056.5
3826.5
3871.5
3960.5
3933.5
3940.5
3783.0
3796.5
3828.0
3964.5
3944.5
3784.5
3829.5
3891.5
3871.5
3759.0
3804.0
4212.5
4192.5
3877.5
3922.5
3896.5
3876.5
3759.0
3804.0
3791.5
3771.5
3594.0
3639.0
3875.5
3855.5
3625.5
3670.5
3770.5
3799.5
3772.5
3779.5
3615.0
3597.0
3610.5
3642.0
3803.5
3783.5
3598.5
3643.5
3690.5
3670.5
3558.0
3603.0
3911.5
3691.5
3695.5
3675.5
3558.0
3603.0
4008.0
 