9348
4737.0
 
4405.0
4372.0
4385.0
4307.5
4315.0
4352.5
4409.0
4389.0
4309.0
4354.0
4573.0
4553.0
4370.5
4415.5
4737.0
4717.0
4432.0
4477.0
4494.0
4474.0
4361.5
4406.5
4549.0
4529.0
4361.5
4406.5
4294.5
4319.0
4296.5
4299.0
4219.0
4196.5
4214.5
4241.5
4321.5
4301.5
4196.5
4241.5
4445.5
4425.5
4243.0
4288.0
4509.5
4319.5
4333.5
4313.5
4201.0
4246.0
4421.5
4401.5
4234.0
4279.0
3956.5
3981.0
3958.5
3961.0
3881.0
3858.5
3876.5
3903.5
3983.5
3963.5
3858.5
3903.5
4107.5
4087.5
3905.0
3950.0
4271.5
4251.5
3966.5
4011.5
3995.5
3975.5
3863.0
3908.0
4299.5
4029.5
4083.5
4063.5
3896.0
3941.0
4365.0
4389.5
4367.0
4369.5
4289.5
4267.0
4285.0
4312.0
4392.0
4372.0
4267.0
4312.0
4516.0
4496.0
4313.5
4358.5
4680.0
4660.0
4375.0
4420.0
4404.0
4384.0
4271.5
4316.5
4392.0
4319.5
3956.5
3981.0
3958.5
3961.0
3881.0
3858.5
3876.5
3903.5
3983.5
3963.5
3858.5
3903.5
4107.5
4087.5
3905.0
3950.0
4271.5
4251.5
3966.5
4011.5
3995.5
3975.5
3863.0
3908.0
4083.5
4063.5
3896.0
3941.0
4307.5
4032.5
 