1470
4271.0
 
4011.0
3984.0
3991.0
3968.5
3997.0
3971.5
4015.0
3995.0
3970.0
4015.0
4059.0
4039.0
4018.0
3989.5
4143.0
4123.0
4018.0
4063.0
4077.0
4057.0
4090.5
4135.5
4271.0
4251.0
4212.0
4257.0
4231.0
4211.0
4249.0
4138.5
4253.5
4269.5
4255.5
4249.5
4123.0
4072.0
4118.5
4117.0
4269.5
4101.0
4251.5
4258.5
4116.5
4098.5
4112.0
4143.5
4270.0
4123.0
4248.0
4255.0
4260.0
4269.0
4255.5
4141.5
4259.0
4143.0
4187.0
4167.0
4227.0
4245.0
4247.0
4227.0
4176.0
4221.0
4195.0
4175.0
4230.0
4248.0
4244.5
4269.5
4246.5
4249.5
4094.0
4072.0
4089.5
4117.0
4269.5
4101.0
4251.5
4258.5
4116.5
4098.5
4112.0
4143.5
4171.0
4151.0
4141.0
4186.0
4255.0
4235.0
4172.5
4217.5
4231.5
4211.5
4099.0
4144.0
4259.0
4235.5
4239.5
4219.5
4102.0
4147.0
4156.5
4181.5
4158.5
4161.5
4006.0
3984.0
4001.5
4029.0
4181.5
4210.5
4183.5
4190.5
4028.5
4010.5
4024.0
4055.5
4255.5
4235.5
4053.0
4098.0
4167.0
4147.0
4084.5
4129.5
4143.5
4123.5
4011.0
4056.0
4271.0
4251.0
4132.5
4177.5
4151.5
4131.5
4014.0
4059.0
4259.0
4180.5
4271.0
 