12268
4304.5
 
3996.5
3969.5
3976.5
3849.0
3862.5
3894.0
4000.5
3980.5
3850.5
3895.5
4084.5
4064.5
3882.0
3927.0
4168.5
4148.5
3913.5
3958.5
4005.5
3985.5
3873.0
3918.0
4060.5
4040.5
3873.0
3918.0
4304.5
4284.5
3964.5
4009.5
3781.5
3810.5
3783.5
3790.5
3656.0
3638.0
3651.5
3683.0
3814.5
3794.5
3639.5
3684.5
3829.5
3858.5
3831.5
3838.5
3674.0
3656.0
3669.5
3701.0
3842.5
3702.5
3770.5
3750.5
3638.0
3683.0
3834.5
3814.5
3647.0
3692.0
4078.5
4058.5
3738.5
3783.5
3645.5
3674.5
3647.5
3654.5
3520.0
3502.0
3515.5
3547.0
3678.5
3658.5
3503.5
3548.5
3722.5
3702.5
3520.0
3565.0
3806.5
3786.5
3551.5
3596.5
3634.5
3614.5
3502.0
3547.0
3862.5
3644.5
3698.5
3678.5
3511.0
3556.0
4078.5
4058.5
3738.5
3783.5
3982.0
4011.0
3984.0
3991.0
3856.5
3838.5
3852.0
3883.5
4015.0
3995.0
3840.0
3885.0
4059.0
4039.0
3856.5
3901.5
4143.0
4123.0
3888.0
3933.0
3971.0
3951.0
3838.5
3883.5
3935.0
3862.5
4279.0
4259.0
3939.0
3984.0
3645.5
3674.5
3647.5
3654.5
3520.0
3502.0
3515.5
3547.0
3678.5
3658.5
3503.5
3548.5
3722.5
3702.5
3520.0
3565.0
3806.5
3786.5
3551.5
3596.5
3634.5
3614.5
3502.0
3547.0
3698.5
3678.5
3511.0
3556.0
3842.5
3617.5
 