2832
-4.0

-52.0
-82.0
-55.0
-52.0
-22.5
-49.5
-27.0
-4.5
-84.0
-54.0
-49.0
-4.0
-36.0
-66.0
-39.0
-36.0
-26.5
-53.5
-31.0
-8.5
-38.0
-68.0
-41.0
-38.0
-26.0
-53.0
-30.5
-8.0
-40.0
-70.0
-43.0
-40.0
-25.5
-52.5
-30.0
-7.5
-42.0
-72.0
-45.0
-42.0
-25.0
-52.0
-29.5
-7.0
-44.0
-74.0
-47.0
-44.0
-24.5
-51.5
-29.0
-6.5
-76.0
-46.0
-51.0
-6.0

2112
31.0

-58.0
-28.0
-25.5
19.5
-99.0
-69.0
-14.0
31.0
-81.0
-51.0
-18.5
26.5
-30.0
-51.0
-33.0
-21.0
-18.0
-36.0
-22.5
9.0
-31.0
-52.0
-34.0
-22.0
-16.5
-34.5
-21.0
10.5
-32.0
-53.0
-35.0
-23.0
-15.0
-33.0
-19.5
12.0
-33.0
-54.0
-36.0
-24.0
-13.5
-31.5
-18.0
13.5
-55.0
-25.0
-30.0
15.0

2112
88.0

-51.0
-21.0
31.5
76.5
-92.0
-62.0
43.0
88.0
-43.0
-13.0
19.5
64.5
-3.0
-24.0
-6.0
6.0
9.0
-9.0
4.5
36.0
-4.0
-25.0
-7.0
5.0
10.5
-7.5
6.0
37.5
-5.0
-26.0
-8.0
4.0
12.0
-6.0
7.5
39.0
-6.0
-27.0
-9.0
3.0
13.5
-4.5
9.0
40.5
-28.0
2.0
-3.0
42.0

2112
237.5

48.5
78.5
181.0
226.0
7.5
37.5
192.5
237.5
76.5
106.5
139.0
184.0
116.5
95.5
113.5
125.5
128.5
110.5
124.0
155.5
115.5
94.5
112.5
124.5
130.0
112.0
125.5
157.0
114.5
93.5
111.5
123.5
131.5
113.5
127.0
158.5
113.5
92.5
110.5
122.5
133.0
115.0
128.5
160.0
91.5
121.5
116.5
161.5

1792
418.5

138.5
168.5
271.0
316.0
138.5
168.5
373.5
418.5
166.5
196.5
229.0
274.0
206.5
185.5
203.5
215.5
218.5
200.5
214.0
245.5
205.5
184.5
202.5
214.5
220.0
202.0
215.5
247.0
204.5
183.5
201.5
213.5
221.5
203.5
217.0
248.5
182.5
212.5
205.0
250.0
161.5
191.5
236.5
281.5

