7956
4612.0
 
4310.0
4339.0
4312.0
4319.0
4159.5
4141.5
4155.0
4186.5
4314.0
4316.0
4323.0
4161.0
4156.5
4188.0
4318.0
4347.0
4320.0
4327.0
4162.5
4144.5
4158.0
4189.5
4351.0
4331.0
4146.0
4191.0
4235.0
4215.0
4102.5
4147.5
4190.0
4170.0
4102.5
4147.5
4123.0
4103.0
3925.5
3970.5
4207.0
4187.0
3957.0
4002.0
4102.0
4131.0
4104.0
4111.0
3946.5
3928.5
3942.0
3973.5
4135.0
4115.0
3930.0
3975.0
4019.0
3999.0
3886.5
3931.5
4323.0
4053.0
3974.0
3954.0
3886.5
3931.5
4195.0
4175.0
3997.5
4042.5
4279.0
4259.0
4029.0
4074.0
4174.0
4203.0
4176.0
4183.0
4018.5
4000.5
4014.0
4045.5
4207.0
4187.0
4002.0
4047.0
4076.0
4056.0
3943.5
3988.5
3977.0
3957.0
3889.5
3934.5
4612.0
4337.0
 