228
5023.0
 
4606.5
4586.5
4576.0
4579.0
4731.0
4711.0
4648.5
4693.5
4895.0
4875.0
4710.0
4755.0
4691.5
4671.5
4606.5
4651.5
5023.0
5003.0
4758.0
4803.0
4803.5
4783.5
4731.0
4776.0
4783.5
4763.5
4583.5
4628.5
4803.5
4783.5
4648.5
4693.5
4967.5
4947.5
4710.0
4755.0
4691.5
4671.5
4606.5
4651.5
5023.0
5003.0
4758.0
4803.0
4827.5
4807.5
4755.0
4800.0
4655.5
4635.5
4455.5
4500.5
4827.5
4807.5
4672.5
4717.5
4991.5
4971.5
4734.0
4779.0
4715.5
4695.5
4630.5
4675.5
5023.0
 