616
-6.0

-32.0
-62.0
-34.0
-32.0
-27.5
-54.5
-31.0
-9.5
-22.0
-43.0
-25.0
-13.0
-15.0
-33.0
-19.5
-9.0
-23.0
-23.0
-26.0
-14.0
-13.5
-10.5
-18.0
-8.5
-24.0
-24.0
-27.0
-15.0
-12.0
-9.0
-16.5
-8.0
-25.0
-25.0
-28.0
-16.0
-10.5
-28.5
-15.0
-7.5
-26.0
-26.0
-8.0
-17.0
-9.0
-27.0
-13.5
-7.0
-27.0
-27.0
-9.0
-18.0
-7.5
-25.5
-12.0
-6.5
-28.0
-19.0
-24.0
-6.0
-6.0

574
46.0

-16.0
-40.0
-19.0
-10.0
13.5
-7.5
9.0
37.5
-21.0
9.0
14.0
38.0
30.0
9.0
27.0
18.0
18.5
21.5
35.0
33.5
29.0
8.0
26.0
38.0
20.0
23.0
36.5
34.0
28.0
7.0
25.0
37.0
21.5
24.5
38.0
34.5
27.0
6.0
24.0
36.0
23.0
26.0
18.5
35.0
5.0
35.0
27.5
35.5
-16.0
14.0
38.0
46.0
46.0

328
97.0

-39.0
-9.0
43.5
88.5
21.0
51.0
56.0
80.0
30.0
9.0
27.0
39.0
39.5
21.5
35.0
66.5
29.0
8.0
26.0
38.0
41.0
23.0
36.5
68.0
28.0
7.0
25.0
37.0
42.5
24.5
38.0
69.5
27.0
6.0
24.0
36.0
44.0
26.0
39.5
71.0
5.0
35.0
27.5
72.5
-36.0
-6.0
52.0
97.0
97.0

495
212.0

70.0
66.0
67.0
79.0
149.5
148.5
145.0
176.5
85.0
115.0
170.0
178.0
156.0
135.0
153.0
165.0
165.5
147.5
161.0
171.5
155.0
134.0
152.0
164.0
167.0
149.0
162.5
173.0
154.0
133.0
151.0
163.0
168.5
150.5
164.0
174.5
153.0
132.0
150.0
162.0
170.0
152.0
165.5
176.0
131.0
161.0
153.5
177.5
70.0
100.0
167.0
212.0
212.0

